7.25 3214 1099.5 2498.5 7136
7.25 3954.5 1010.5 2423 1515.5 7076.5 618.75
7.25 4784.5 1021.25 2309 1470.5 154.875
7.25 5261 927 2655.5 1489 605.075 1242
7.25 2849 1114.5 2531 6654.5 349.1 872.25 13363.5
7.25 3203 1017.25 2501 1526 628.1 838.125 6137.5 1567.5
7.25 3788.5 920 2466 1671.5 415.85 1020 785.875 14623.75 2747.25 708.75
7.25 4483.5 1068 2843 1362.5 346.95 1797 13159.25 6965.5 200.625
7.25 4703 1007.5 2908.5 1335 4494 349.1 13049.25 3199 1040.75 7257.75
7.25 1626.75 3441.75 4834.5 1175 3000.5 28250.25 3841.75 8822 286.125 92.5
7.25 1604.5 3312.25 4834.5 1546.25 2903.75 32006 1083.75 10299 1280.75 3912 419.375
7.25 1411.25 3319.75 5086.5 1239.5 2966.5 39475.75 758.5 8861.5 1060.25 2371.75 4401.5 577.5 235.75
7.25 1356.25 3405.5 5114 1267 2862.5 41102.5 1128.5 14596.5 2210.25 1145 3161.75 345.625 7.25
7.25 1273.75 3389.5 3565.25 1351 2720 40614.75 850.5 12070.5 754.25 1098 2658 1037 2381.25 152.25
7.25 1273.75 3492 3439.25 1284.5 2748.5 40250.75 922.25 11216 775.75 1317.75 2694.75 888.5 2327 2761.5 3615 485.625
7.25 1218.75 3471.5 3296.5 1434 2560.5 39551 981.5 9923 594.5 1451.75 2755.25 4863.75 2185.75 4136 2668.5 3704 15.7
7.25 1046 3566.25 3446.5 1353.5 2594.5 1608 33686.25 1210 9771 1489 1299 2278 5492.5 1596.75 2637.25 4651.25 407.44 2935.75
7.25 940.25 3505.75 3422 1504.5 2417 1725.5 33286.75 1134.5 10122 1453.75 827.5 1883 6741.5 6497 834.625 7096.875
7.25 1048.5 3428.75 3218.75 1425 2479.5 154.88 34055.75 748.5 8631 1575.5 2134.5 1860 2542 18881 738.25 4860.5 4205.2
7.25 956 3380.25 3217.75 1485 2310.5 0.75 31182.25 776.25 9628.5 1984 4865.25 21831.5 1119.25 4529 272.125
7.25 1009.5 3355.75 3249.75 1428 2229 6.53 39571.5 1708.5 9858 1094.75 3925 8658.25 1786.62 5251.9 5.0675 4766.25 200.25
7.25 1054.375 3309.625 3185 1484 2125.5 16.98 27788.5 1501.125 11210.75 1839 4756.75 11022 273.56 11971.5 139.9 11064.5 307.85
7.25 810.8 3259.25 3295.5 1587.75 2074 19.86 22894 1835 9165.75 1103.75 5477 7326.25 1854.14 11023 599.1 3934.25 1923.25 3177.75 180.72
10.5 644.4 3291 3422.5 1697 2092 22.85 19411.75 2012.125 8157 904.4 5181.5 6589.75 9190.12 6842.75 234.15 3807 1716 2578.5 2562 672.05
270.375 519.9 3991.75 3443 1441.5 2084 18.8 19093 2122.75 7952 1025.5 5281 5817.75 12486.99 8170.25 55.46 6587 3141.5 2990 42.5
233.75 215.6 4296.75 2848.5 1505 2008 18.8 20259.75 1626 7785.75 3141.5 5036.25 5616.5 10196 11696.25 2719 2204 7673.5 3132.6 138.1
191.5 102.8 3695.25 3179.5 1730 1895 17.5 19581 2207.5 12303 1676 5225.5 6288.25 8252 11062 2387 1359 13094.25 2605.5 77.75
190.75 58.8 3125.5 2972 1435.5 1931 18.8 20207.75 2284.625 9284.5 7915 5450.5 4515 6383 6159.75 4324.5 826.5 2589 2269.5 8116 34
8.7 3221.25 3470.5 1599.5 1.1 2136.75 20 11624.5 2293.5 9564.75 8074.75 5572.5 5751 2582.5 8808.5 3775.75 4850 1591.45 9455.75 98.75
7.1 3084.5 3830.5 1352.5 1440.25 2055.6 36.02 11208.25 1704 9317.75 8103.5 5844.25 5005.25 2443 8572.5 2128.75 8064.25 2886.9 9602.25
6.5 3039.5 3423.75 1709 1174 2119.2 33.77 8629.75 2327 7822 9673.25 5614.5 6583 3163.25 8951.75 2141.25 7008.75 2812 12356
6 2954.5 3252.7 1549.2 1762.75 1920 3.8 9591.75 2400 8755.5 11240.8 4910.85 6455 3755.5 7889.5 4075 6825 17120
5.45 2774 3556 1618 2430 1720 35.5 8351.75 2230 9786.5 8389 3516 5868 3719 11593.75 4920 8100 937.17 10381 173.7 1669.75
4.4 2738 3229.5 1589.5 2089.75 1901 6.22 7496.5 2939.5 8066 5141 3547 5104 4996.5 9173.5 3135 4953.5 2641 10842.25 33.5
3.6 2712 3569.5 1882 1582 1901 12.66 6535.25 2683.5 8755 5199 3903 4119 3695 7084 3171 4330.25 2943 11188.75
3 2467 3397.5 1925 1167 1834 10.98 7294.25 3092 10103.5 3477 2942 2970 3965.5 9053 3637 2027 3338 9107.15
2.1 2450.2 3206 2192.5 841 1760 17.16 6907.75 2636 7323.5 3449 3202 2825 3620 8510.5 3701 2212 1709 5412.75
2 2400 3140.5 2280.3 1279.5 1646 10.09 6791 2116 8617.5 2895.7 2921.5 2446 3235 10707.75 3424 2551 1522 5628.75
1.8 2330 3324.5 2178 2108 1678 4.7 6183 2079.1 9952 3114 2655.5 2407 3133.5 6450 2875 2470.75 650 5490.3 227.25
1.8 2292 3171 1606.3 1442.5 1630 6.7 6088 1810.3 7870 2433.3 2411 2446 2662.5 11361.75 3133 2485 1338.4 6123.75
1.8 2241 3090 1394 1363.5 1524 3.2 7299 1288.9 7690 1350 3239 1931 3608 8702.5 2101 2716.25 816.9 6165
1.8 2286 2839 1619 1187 1484 33 7422 1885 6005.5 1952 1974.5 2386 4860.5 9047.5 1206 2589 4171 16149
1.25 2328.75 2540 1162 1511 1641 13.5 7274.75 1304 6700 1879 2342 3269 4301 7577.5 2491 2014 844.5 341 10760
1.25 2357.25 2573 1090.5 1682.5 1574 12 7776.5 1792 8430 3377 2584 3274 2469 8812 2448.5 2275 1352 611.5 10777
1.25 2379.75 2560.5 1052.25 1621.5 1614 34.5 7088.25 1935.5 8288 3215 3101 3106 2699.5 9775.25 2388 1944 2119 1176 7900
1.25 2445.25 2552 1050 1671.5 1652 8 7300.75 1954.5 8719 3202.5 2911 3048 3474.5 5329 2028.5 2011.8 6187 14854
1.15 2438.75 2608.5 1097.75 1539.5 1718 21 7271 2150 7861 2406.5 2893 3526 4685 9319 2564 3171 1345 9651
1.1 2465 2627 1063.25 1639 1537 31.5 7065 2523 9650.5 2889.5 2737 3846 2131 8684 2545 2756.9 12858
1 2537.25 2378 1590 1852 1684 37 6636.5 1970 9402 2984 2732 3859 2157.75 8352 2515 3330.8 13032.5
0.9 2589.25 2353.5 1621.75 1851 1752 39 6849.5 2718.25 7863.5 3671 3027 2941 2150.25 7905 2417 3381.1 10997 1017
0.8 2489 2394.5 1817 1603 1614 11 6367.5 2188.75 9865 3787 3248 3261 2627.5 7229 2689.8 2823.8 12381
0.8 2384 2369 1891.5 1669 1368 41 6940.25 1801 11538.5 2739 2451 2847 3627 8722 2451 2308.4 13003
0.8 2410 2380 1806.5 2101 1468 5.5 6906 2013.5 9443 3636 3153 3491 4192 9892 2398 2069.7 12574.5
0.8 2400 2377.5 2131 1533 1519 35 7181 1857.5 9876 3712 2190 4006 2553 8579.5 2859 2727.5 9852.5
0.8 2388 2460.5 2457.5 1281 1325 18.5 6200 1837.5 9589.5 3575.5 2771 3267 2677.5 8166.5 2468.2 2916.25 7712.25
0.8 2454 2691.25 2304 1336 1392 23.5 7836.5 2140.5 8194.5 3583 2309 3150 2705 8290.5 2659.5 3896.25 8061.5
0.8 2562 2613 2369.5 1230 1457 25 7633 2308 9918.5 3659 2803 3626 4355 10561.5 2189 3241 12109.5
0.7 2523 2710.5 2674 1338 1294 37 5521.5 2153.75 7011.75 3551 2459 3087 4339 11112 1951 2351.5 15586.5
0.7 2576 2714 2705 1226 1356 26 7167 1703 8691 2924 2889 3486 3171.5 10148 2190 2652 13429
0.7 2606 2748.5 3111 1197 1453 29 7003.5 2289.75 8287 3623 2580 2760 4252 12702.5 2994 2562 8236
0.7 2401 2809 2616 1156 1399 34.6 7910 1927.5 7421.5 3689 2215 2735 4104 10911.5 2079.4 2502.5 7318
0.625 2657.5 2936.25 2665.5 1264 1320 29 6344 1925.5 7928 3752 2222 3280 4569 9923.5 12069.5 7418 4817 5124
0.6 2761.5 3045.25 2550 1155 1336 28 5802.5 1927.25 7840.5 3806 2039.5 3275 4797 9707.5 11492.8 9187 7532 2145
0.5 2807.5 2936.75 2436 1263 1401 23 5737.5 1833 9198.25 3870 1874.4 3285 4838 10008 8879.6 12106.5 4459 1969
0.4 2807 3109.25 2532 1229 1411 25 6032 2071 9689.25 3722 1954 3437 5347 9035.5 6351.2 6109 1954
0.3 2761.75 3342.7 2712.5 1039 1400 17 6124 2229 10302.25 4311 2076 3717 4145 8573 6006.25 7136 1611.25
0.2 2684.5 3485.5 2816.5 984 1300 13 7567.25 2305.75 10082.25 4387.5 1964 3411 4839 8256.5 5828.75 7624 1876.75
0.2 2749.6 3868.65 2865.35 1108 1260 3 6000 2162.5 9190.5 4370 2043 3191 5291 8039 11474.5 7703.8 2237 1604 2730
0.1 2761.5 3655.5 2796.5 1072 1330 34.1 7107.5 2247.5 9498 4737 2040 3287 4582 8047.5 6224.5 6559.5 1896 1183.5 7750
0.1 2831.6 3487 2415.5 1018 1310 33.68 8000 2155 10090.6 3766 2111 3262 4888 8116.25 5760.25 6942.5 1740 4046 5375
0.1 2745 3492 1998 1165 1320 0.5 6960 2232 8962.5 2567 1760 3275 4875 8067 6572 7803 2699.5 2076.5 2950
0.1 2744 3492 1998 1165 1320 76 6960 2232 8963 2567 1760 3275 4875 8067 6572 7803 2699.5 2076.5 2950
0.1 2339 3449 2019.75 1424 1304 35 6285 2468 10558.5 3356 2062 3341 4632.5 7485 6555.1 6108.5 2349.5 1572 6020.6
0.1 2388.5 3405 1534.5 1863 1368 35.3 6000 2130 9938 3350 2150 3206 5269 7801.5 5974 5391 2309 6239.5
0.1 2282.75 3316.5 1589.5 1969 1361 35 6440 2095 10536.5 3336 2115 3364 4546 7633.5 7860 4959 2134 4860.5
0.1 2273 3315 1571 1976 1365 40.5 6000 2125 10369 3262 2129.2 3252 4982.5 7908 5635 5508 1541 4175.25
0.1 2239 3327 1458 1918 1364 63 5776 2325 10210 3852 2021 3161 4442.5 7324.5 5840.6 5079 2049 5538.75
0.1 2200 3318 1533.5 1908 1365 28 6128 2176 9967 3947.5 2002 3146 4230.25 6927.5 5703.2 5878 1837 5717 2557
0.1 2181 3370 1300 2240 1362 29 6000 2293 11454 3926 2040 3287 4762.5 8627.5 5820.8 6405 1596.5 5500
0.1 2266 3082 1577 2086 1318 9 6000 0.1 1953 12377.3 2068 3646 5041.9 9080 5668.5 6164 1472 5525.2 3226